
strategic_region={
	id=1
	name="STRATEGICREGION_1"
	provinces={
	 6320 4173 4174 4175 4176 4178 4179 4181 4182 4183 4188 4189 4190 4193 4194 4198 4200 4202 4205 4206 4208 4209 4212 4213 4216 4217 4218 4219 4220 4221 4222 4223 4230 4232 4233 4240 4241 4243 4249 4251 4252 4253 4255 4256 4260 4264 4266 4267 4270 4273 4274 4276 4279 4282 4284 4285 4286 4292 4295 4296 4297 4301 4302 4303 4304 4305 4309 4310 4322 4332 4335 4339 4340 4341 4343 4347 4348 4352 4353 4354 4360 4364 4365 4366 4370 4373 4375 4376 4377 4378 4380 4382 4383 4384 4385 4388 4389 4390 4392 4396 4399 4402 4403 4405 4406 4407 4409 4410 4414 4416 4417 4420 4424 4425 4429 4431 4436 4437 4443 4444 4445 4447 4448 4449 4450 4452 4453 4454 4456 4458 4463 4464 4467 4469 4472 4473 4474 4476 4480 4481 4484 4487 4490 4491 4493 4496 4497 4498 4499 4501 4502 4504 4505 4507 4508 4515 4516 4524 4529 4530 4531 4532 4533 4534 4536 4539 4546 4547 4552 4555 4556 4559 4562 4566 4567 4568 4569 4571 4572 4573 4581 4584 4587 4589 4590 4593 4594 4598 4613 4615 4617 4618 4621 4622 4623 4624 4628 4630 4632 4635 4640 4641 4642 4645 4647 4648 4649 4651 4652 4655 4663 4665 4666 4667 4669 4673 4674 4677 4678 4679 4680 4681 4685 4687 4689 4692 4693 4694 4696 4697 4702 4704 4708 4709 4710 4711 4713 4714 4716 4717 4718 4722 4728 4731 4733 4734 4735 4739 4744 4750 4751 4752 4757 4760 4761 4767 4769 4775 4776 4779 4780 4781 4782 4783 4784 4787 4788 4791 4795 4796 4803 4805 4806 4808 4811 4816 4820 4822 4825 4829 4830 4831 4832 4833 4834 4839 4845 4848 4855 4857 4860 4861 4864 4865 4869 4878 4880 4881 4882 4885 4891 4893 4896 4898 4904 4907 4908 4909 4912 4913 4915 4917 4920 4923 4925 4928 4929 4931 4932 4937 4938 4942 4944 4945 4950 4952 4953 4955 4956 4959 4960 4963 4965 4969 4973 4975 4976 4977 4979 4980 4981 4984 4985 4987 4990 4991 4994 4999 5000 5012 5013 5015 5017 5028 5030 5031 5033 5035 5037 5038 5042 5047 5048 5049 5051 5055 5058 5060 5065 5066 5067 5068 5070 5071 5075 5076 5077 5078 5079 5080 5084 5092 5093 5096 5097 5107 5108 5114 5118 5119 5120 5122 5123 5129 5131 5139 5140 5146 5147 5150 5152 5153 5160 5162 5167 5168 5172 5175 5176 5177 5184 5185 5186 5187 5190 5196 5200 5204 5205 5206 5211 5217 5220 5224 5231 5243 5245 5249 5250 5255 5261 5264 5265 5269 5271 5272 5281 5285 5286 5288 5292 5293 5294 5296 5297 5299 5301 5305 5311 5314 5316 5317 5318 5321 5323 5325 5334 5335 5337 5338 5346 5348 5353 5359 5360 5365 5366 5367 5369 5381 5382 5385 5386 5391 5392 5394 5404 5406 5409 5412 5413 5414 5420 5427 5428 5431 5434 5436 5438 5439 5444 5445 5447 5452 5456 5458 5462 5467 5469 5472 5474 5477 5478 5479 5482 5485 5486 5489 5492 5494 5495 5501 5502 5507 5510 5513 5514 5523 5525 5526 5527 5530 5531 5534 5535 5536 5537 5543 5544 5545 5548 5555 5558 5577 5582 5585 5590 5592 5593 5594 5595 5598 5599 5600 5601 5602 5608 5613 5614 5617 5629 5630 5632 5633 5637 5638 5639 5643 5646 5652 5653 5656 5662 5665 5670 5674 5679 5684 5687 5688 5694 5695 5697 5704 5709 5710 5714 5715 5718 5719 5724 5726 5728 5730 5731 5732 5735 5738 5739 5744 5751 5760 5761 5764 5765 5769 5775 5786 5787 5793 5804 5811 5819 5824 5826 5827 5832 5840 5841 5848 5853 5856 5858 5862 5870 5872 5875 5881 5883 5887 5892 5919 5920 5924 5938 5940 5941 5944 5952 5957 5977 5980 5985 5987 5998 6002 6005 6012 6014 6017 6023 6024 6031 6033 6040 6041 6042 6046 6049 6052 6058 6061 6071 6074 6076 6087 6089 6095 6106 6107 6112 6115 6132 6133 6136 6138 6143 6145 6146 6152 6169 6178 6184 6186 6190 6191 6194 6196 6201 6204 6213 6216 6218 6222 6223 6230 6231 6236 6242 6245 6256 6257 6258 6259 6262 6263 6265 6278 6281 6287 6292 6301 6303 6304 6305 6316 6317 6319 6335 6337 6338 6343 6345 6349 6351 6355 6358 6361 6363 6371 6373 6377 6380 6383 6388 6392 6394 6401 6402 6403 6407 6409 6411 6412 6415 6417 6422 6424 6426 6427 6433 6436 6445 6449 6451 6454 6458 6466 6471 6474 6477 6478 6479 6487 6488 6491 6492 6493 6494 6502 6503 6504 6505 6508 6510 6511 6517 6522 6524 6526 6528 6530 6531 6535 6537 6538 6543 6548 6549 6555 6556 6558 6561 6562 6563 6570 6572 6577 6578 6582 6583 6584 6585 6588 6589 6593 6596 6597 6601 6602 6603 6605 6607 6613 6615 6618 6619 6621 6623 6625 6626 6628 6632 6635 6636 6637 6639 6640 6641 6642 6649 6650 6654 6655 6660 6662 6668 6671 6672 6674 6676 6677 6678 6681 6682 6687 6688 6689 6690 6693 6694 6700 6701 6704 6705 6706 6708 6713 6716 6717 6718 6723 6724 6725 6726 6727 6733 6735 6741 6742 6743 6746 6749 6756 6757 6761 6763 6766 6768 6770 6771 6772 6773 6780 6781 6782 6783 6786 6787 6792 6795 6796 6799 6800 6804 6807 6808 6813 6814 6818 6821 6823 6828 6829 6830 6832 6835 6845 6850 6852 6854 6859 6866 6867 6869 6871 6878 6879 6881 6885 6889 6890 6927 6937 6951 6953 6954 7027 7122 7157 7183 7239 7421 6019 6730 4356 6680 5259 6644 6667 5315 6657 6097 5496 6065 4350 5936 5115 5661 6221 6573 6116 5235 4921 4675 6467 6099 6587
	}
	naval_terrain=water_fjords
	weather={
		period={
			between={ 0.0 30.0 }
			temperature={ -8.0 4.0 }
			no_phenomenon=0.400
			rain_light=0.100
			rain_heavy=0.050
			snow=0.400
			blizzard=0.100
			arctic_water=0.000
			mud=1.000
			sandstorm=0.000
			min_snow_level=0.000
		}
		period={
			between={ 0.1 27.1 }
			temperature={ -4.0 4.0 }
			no_phenomenon=0.400
			rain_light=0.100
			rain_heavy=0.050
			snow=0.400
			blizzard=0.100
			arctic_water=0.000
			mud=1.000
			sandstorm=0.000
			min_snow_level=0.000
		}
		period={
			between={ 0.2 30.2 }
			temperature={ 3.0 9.0 }
			no_phenomenon=0.400
			rain_light=0.350
			rain_heavy=0.100
			snow=0.250
			blizzard=0.050
			arctic_water=0.000
			mud=1.000
			sandstorm=0.000
			min_snow_level=0.000
		}
		period={
			between={ 0.3 29.3 }
			temperature={ 5.0 15.0 }
			no_phenomenon=0.400
			rain_light=0.350
			rain_heavy=0.100
			snow=0.100
			blizzard=0.000
			arctic_water=0.000
			mud=1.000
			sandstorm=0.000
			min_snow_level=0.000
		}
		period={
			between={ 0.4 30.4 }
			temperature={ 10.0 20.0 }
			no_phenomenon=0.400
			rain_light=0.350
			rain_heavy=0.100
			snow=0.000
			blizzard=0.000
			arctic_water=0.000
			mud=1.000
			sandstorm=0.000
			min_snow_level=0.000
		}
		period={
			between={ 0.5 29.5 }
			temperature={ 13.0 17.0 }
			no_phenomenon=0.500
			rain_light=0.350
			rain_heavy=0.100
			snow=0.000
			blizzard=0.000
			arctic_water=0.000
			mud=1.000
			sandstorm=0.000
			min_snow_level=0.000
		}
		period={
			between={ 0.6 30.6 }
			temperature={ 16.0 26.0 }
			no_phenomenon=0.600
			rain_light=0.350
			rain_heavy=0.100
			snow=0.000
			blizzard=0.000
			arctic_water=0.000
			mud=1.000
			sandstorm=0.000
			min_snow_level=0.000
		}
		period={
			between={ 0.7 30.7 }
			temperature={ 15.0 23.0 }
			no_phenomenon=0.600
			rain_light=0.350
			rain_heavy=0.100
			snow=0.000
			blizzard=0.000
			arctic_water=0.000
			mud=1.000
			sandstorm=0.000
			min_snow_level=0.000
		}
		period={
			between={ 0.8 29.8 }
			temperature={ 12.0 19.0 }
			no_phenomenon=0.500
			rain_light=0.300
			rain_heavy=0.200
			snow=0.000
			blizzard=0.000
			arctic_water=0.000
			mud=1.000
			sandstorm=0.000
			min_snow_level=0.000
		}
		period={
			between={ 0.9 30.9 }
			temperature={ 7.0 13.0 }
			no_phenomenon=0.400
			rain_light=0.300
			rain_heavy=0.100
			snow=0.100
			blizzard=0.000
			arctic_water=0.000
			mud=1.000
			sandstorm=0.000
			min_snow_level=0.000
		}
		period={
			between={ 0.10 29.10 }
			temperature={ 0.0 7.0 }
			no_phenomenon=0.400
			rain_light=0.150
			rain_heavy=0.050
			snow=0.350
			blizzard=0.050
			arctic_water=0.000
			mud=1.000
			sandstorm=0.000
			min_snow_level=0.000
		}
		period={
			between={ 0.11 30.11 }
			temperature={ -5.0 4.0 }
			no_phenomenon=0.400
			rain_light=0.100
			rain_heavy=0.050
			snow=0.400
			blizzard=0.100
			arctic_water=0.000
			mud=1.000
			sandstorm=0.000
			min_snow_level=0.000
		}
	}
}
