
strategic_region={
	id=171
	name="STRATEGICREGION_171"
	provinces={
		4190 4205 4223 4256 4282 4303 4350 4378 4399 4431 4452 4463 4497 4515 4530 4572 4678 4680 4702 4711 4728 4882 4937 4977 5030 5093 5115 5152 5153 5160 5250 5259 5271 5285 5305 5311 5315 5321 5337 5346 5385 5394 5434 5438 5496 5507 5592 5608 5652 5661 5728 5760 5936 6065 6097 6216 6303 6305 6338 6355 6361 6373 6383 6402 6403 6427 6433 6451 6477 6537 6578 6588 6601 6632 6637 6644 6657 6667 6680 
	}
	naval_terrain=ocean
	weather={
	}
}
