
strategic_region={
	id=182
	name="STRATEGICREGION_182"
	provinces={
		4194 4243 4252 4352 4384 4392 4403 4405 4407 4410 4414 4447 4467 4474 4493 4532 4533 4552 4617 4642 4651 4652 4663 4665 4675 4735 4783 4816 4833 4857 4891 4896 4909 4913 4921 4953 4960 4969 5000 5139 5187 5235 5255 5272 5292 5316 5323 5334 5427 5428 5431 5458 5479 5530 5670 5674 5679 5684 5688 5718 5719 5832 5870 5977 6087 6099 6115 6116 6213 6221 6458 6467 6479 6493 6504 6543 6556 6570 6573 6607 6619 6625 6639 6641 6642 6650 6662 6688 6701 6708 6716 6717 6718 6780 6782 6795 6796 
	}
	naval_terrain=ocean
	weather={
	}
}
