1 3304
1 4080
1 7829
1 2343
1 8215
1 8225
1 3357
1 8298
1 2737
1 2657
1 3184
1 4102
1 1711
1 3455
1 1814
1 4103
1 1577
1 7934
1 3300
1 7912
1 2867
1 2908
1 4007
1 4012
1 3515
1 7967
1 3298
1 2406
1 7447
1 3986
1 8392
1 7982
1 986
1 2935
1 4023
1 2891
1 4030
1 4047
1 1967
1 3048
1 7893
1 3191
1 7990
1 8319
1 7801
1 1422
1 4049
1 7819
1 7792
1 7799
1 7777
1 1357
1 7766
1 7445
1 7755
1 3201
1 2060
1 8647
1 2681
1 8664
1 8702
1 8564
1 8723
1 8439
1 8376
1 8388
1 8543
1 8528
1 8520
1 8480
1 8516
1 2102
1 351 
1 509 
1 885 
1 1004 
1 1485 
1 1564 
1 1695 
1 1772 
1 2723 
1 3041 
1 3351 
1 3357 
1 3358 
1 3784 
1 3826 
1 3886 
1 3890 
1 3928 
1 3945 
1 3967 
1 3986 
1 7450 
1 7456 
1 7457 
1 7461 
1 7464 
1 7602 
1 7929 
1 8530 
1 8585 
1 8757 
1 8850 
1 8896 
1 8928 
1 8950 
1 8961 
1 8997 
1 9066 
1 9075 
1 9091 
1 9102 
1 9140 
1 9182 
1 10235 
